weights: [array([[ 0.16964919,  0.46427087, -0.28847866,  1.01969103,  1.17669033,
         0.87761918, -0.63396965,  0.29405446, -0.67210666, -1.46496617,
        -0.72956617,  0.31018278,  0.00801051,  0.15412704,  0.02396074],
       [ 0.36161963,  0.66313705, -0.11925063,  0.67429191,  0.16728122,
        -0.72778548, -0.57828225, -0.02057037, -0.74614925, -1.461961  ,
         0.20448909,  0.34309706,  0.45344805,  0.86915345, -1.46375412],
       [ 0.7631256 , -0.09403522,  1.33600222,  0.72015765,  1.45547889,
         0.36158771, -0.93077479, -0.61482583,  0.09608225,  0.85222705,
         0.35229583, -0.09238527, -0.30906962, -1.18291912, -1.02042088],
       [-0.77303189,  0.60711888,  0.40700904, -0.18683905,  0.46106609,
         1.54409267, -0.02610533,  0.30203457, -0.38997307,  0.98777452,
         0.22375253,  0.10064551, -0.73310533, -1.54136646,  0.25320562],
       [-0.90182634,  0.08233457,  0.52787672,  0.70185988, -1.72788599,
         0.65339222,  0.67520663, -0.12606563,  0.8518195 ,  0.56258007,
         0.28546026,  1.47567936, -1.15660743,  0.44823008, -0.53232395],
       [-0.5041654 ,  0.31631418,  0.34172175, -0.59851728,  0.37508525,
        -0.73208145, -0.61034907,  0.48264361,  1.14323322, -1.1033104 ,
        -0.73252893, -0.15973351,  1.8188417 ,  0.29851985,  0.73196413],
       [ 1.02843195,  0.38997269, -0.29969768,  0.90869866, -0.47958003,
        -1.23527399,  0.74519047,  1.23768936,  1.76470866,  1.05084948,
        -0.42344969, -1.16940632, -0.46558663, -0.26688926,  0.43378588],
       [-0.26645845,  0.38080835, -0.1059722 ,  0.78044928,  0.17059786,
        -0.82713295, -0.05651669,  0.42639028, -0.41472655,  0.34550266,
         0.06083035, -1.09568592,  0.22268789, -1.22052574,  0.30353203],
       [-1.24686084,  0.17850585,  0.4866449 ,  0.94004734, -0.0196598 ,
        -0.10799821,  0.19839977,  0.19092433,  0.39631443, -0.07462464,
         0.70040944, -1.94498936,  0.01099612,  0.2445748 ,  0.06831531],
       [ 0.80550523,  0.00575313,  0.48632917,  0.6370248 , -0.59929457,
        -1.033689  , -0.57831088,  0.17780962,  2.8452711 , -1.11573095,
         0.10192576, -1.08618436, -2.29201401, -0.24517332, -0.21325974],
       [-0.61788756,  0.47758978, -0.2429098 ,  0.52527545, -0.12688152,
         0.77050414,  0.49906835, -1.36147557,  2.52367847,  1.51822932,
         0.78541099, -2.08076273,  0.48560011,  0.56373235, -0.51447781],
       [-0.14175101, -0.85834156,  0.12529193,  1.18508357, -0.41277425,
         1.21842145,  1.89465923, -0.89515276,  0.85594474, -1.46734499,
        -1.10723343,  1.46453824, -1.22188668,  0.09995132,  0.79382729],
       [-1.08004801, -0.05119641,  0.08032195,  0.85772308, -0.20896626,
         1.86804531,  0.80697958,  0.46640382,  0.34109601, -1.56890416,
         0.69193106, -0.78647281, -0.50981261, -1.15236808, -0.88115503],
       [ 0.06881469,  0.07589052,  0.68036437, -0.53627649,  0.42170248,
        -1.64090824,  1.02934433, -0.68851979, -0.75518707, -0.39813257,
        -0.39179418,  0.55006084,  0.02476575,  0.51592514,  0.18199256],
       [ 0.8989887 ,  0.68890928, -0.55650166,  0.62790725,  0.33795174,
         1.16668303, -0.71497815, -0.9578193 , -0.79534603,  1.59395682,
        -0.75780438,  0.57259728,  0.64631639, -0.05144607,  0.71376995],
       [-1.34977048, -1.43428217,  1.36717086, -0.49221988, -0.91428539,
         0.40691526,  0.20021144, -0.09472856,  0.84010072,  1.77852684,
         1.82952732,  0.38844256, -0.75254557, -0.15373429, -0.15235736],
       [ 0.01329743,  0.24999424, -0.27193554,  0.53775734,  0.16078598,
         0.65082163,  0.98517902, -1.28581026,  1.43296393,  0.00680573,
        -0.75214934,  0.01572678,  0.41388296, -1.15225753,  0.04342771],
       [ 0.42863217, -0.43954546,  0.43303916, -0.24400561, -1.64320688,
        -0.77024501,  0.40520734,  1.66078874, -3.31674547, -0.54970224,
         0.35145902, -0.49972466, -0.77732689, -0.01460597,  0.35546201],
       [-0.43722765,  1.69471857, -0.37131515, -0.12230405,  0.9401974 ,
         0.85166263,  0.09406145,  0.65096987,  0.68410208, -1.39876591,
        -0.28012061,  0.0352511 , -0.17643726, -0.60445572,  0.2504968 ],
       [ 0.45938379, -0.1938239 , -0.74114446, -1.99518672, -0.32286602,
         0.40702549,  0.50725195,  0.68627921, -0.84005433, -0.16889174,
         0.66376262, -1.01274598, -0.92198234, -0.30205128, -0.52860403]])
 array([[-6.20046636e-01,  2.50917715e-01,  3.40432308e-02,
        -4.02549328e-01, -5.18285243e-01,  3.97608598e-01,
        -8.30080123e-01,  6.32410088e-02,  1.21883601e+00,
        -1.71414617e+00, -5.56277907e-01,  1.12777613e-01,
        -2.72343581e-01,  9.06290542e-01,  2.37690350e-01,
         5.16702330e-01, -3.70618697e-01,  2.09265377e+00,
        -9.75972267e-01,  1.75327282e+00],
       [-1.18173088e-01, -6.72011257e-01, -3.26851063e-01,
        -8.87193577e-01,  8.46084344e-01, -1.81493879e+00,
         1.03127370e+00, -3.65921141e-01, -3.30076933e-01,
         7.59033793e-02, -4.52252715e-01, -8.60060159e-01,
        -1.22222265e+00, -8.26687068e-01, -1.23738572e+00,
        -1.74522289e-01, -1.18157494e+00, -1.53097474e+00,
         6.16494502e-01,  5.79089049e-01],
       [-8.37849939e-01, -3.76422131e-01,  1.16353327e-01,
         2.67703068e-01, -3.84041992e-01,  7.22915008e-01,
        -3.49756250e-01, -2.30324888e-01, -4.22416325e-01,
        -2.20646030e-01, -1.13302297e+00, -1.89897230e-01,
        -2.54705435e-01, -7.17397167e-01, -7.03036954e-01,
        -1.42765060e-01,  1.91628371e-01, -6.00058007e-01,
        -1.24194056e+00, -6.17406714e-01],
       [ 2.99124592e-01,  9.60884715e-01, -2.31593281e-01,
        -4.02765797e-01, -6.88154005e-02,  1.27579779e+00,
         6.40349112e-01, -6.12741414e-01, -4.77193476e-01,
         6.59963825e-02,  1.63279923e+00, -6.32176467e-01,
        -7.97081552e-01, -6.83913820e-03, -1.08732764e+00,
         1.31496506e+00,  1.83380023e+00, -2.91654052e+00,
        -1.21929703e+00, -4.23700861e-01],
       [-1.24833640e+00, -1.77940371e-01,  1.42980895e+00,
        -5.00478611e-01,  1.74365660e-01, -1.77731087e+00,
         5.37087602e-01, -7.73621106e-01, -2.98369674e-01,
         6.52296587e-02,  1.71840833e+00, -1.18091265e+00,
         3.39716817e-01,  4.26313090e-01, -9.48284773e-02,
         7.94349311e-01, -7.17113391e-01, -1.07357668e+00,
         2.17713378e-01,  8.31031647e-01],
       [ 1.02887488e+00, -1.49235131e-01,  2.09261713e-01,
         3.15614887e-01, -1.94325849e-01, -1.10452719e+00,
         4.87203279e-02,  2.72876772e-01,  2.41963183e-01,
        -8.08770079e-01, -1.40875960e+00, -1.11215673e-01,
        -8.60146571e-01,  1.33720476e+00, -1.74547220e+00,
         4.30155769e-01,  6.58801292e-02, -7.24817503e-01,
         4.41401707e-01, -2.51981078e-01],
       [-2.47555139e-02,  1.21978455e-01, -8.19577631e-01,
         1.43627346e+00,  3.10971601e-01, -8.97809293e-01,
         7.60662464e-01,  7.24684821e-02, -1.91391771e+00,
        -7.98492717e-01,  1.36783370e+00,  4.29924663e-01,
        -6.84138229e-01,  2.03632542e-02, -3.99665306e-01,
         1.16551700e-01, -7.29654721e-01, -9.84277719e-01,
        -1.07785583e+00,  8.13563687e-01],
       [-1.07197135e+00,  2.20214186e+00, -9.14646665e-01,
        -5.85326844e-01, -1.62641122e+00, -4.14175967e-03,
         8.97787817e-01,  8.34714148e-01,  2.00207063e-01,
        -7.57706084e-01, -6.51676403e-02,  3.46349101e-01,
        -1.77039706e+00,  1.47868076e-01, -8.30111165e-01,
         6.83752251e-01, -5.94646380e-01,  6.13320544e-01,
        -1.20972481e+00,  9.29001121e-01],
       [-9.66244706e-02, -5.33726728e-01, -1.06199190e+00,
        -3.95706122e-01,  1.58105176e+00,  4.82402988e-01,
         6.61153779e-01,  1.13770058e-01,  2.73757982e-01,
         6.77168959e-01,  6.49840122e-01,  1.12252937e+00,
         1.57309861e-01, -9.83570939e-01, -7.91262001e-01,
         1.80627740e-01,  1.94003170e-01, -2.01614995e+00,
        -8.62799491e-01,  5.20115434e-01],
       [ 5.49566875e-01, -5.54158548e-01,  1.01657006e-01,
         2.58496521e-01,  7.68834538e-01, -6.85357507e-01,
         8.86207758e-02, -2.39454424e+00,  1.74911429e+00,
        -9.12414615e-01,  1.07125833e+00,  9.20941459e-01,
        -1.45319627e+00,  5.44242655e-01, -2.56685751e-01,
         1.13328483e+00, -1.89793221e-01,  1.77488309e+00,
         4.22828474e-01,  5.11712387e-01],
       [-8.15959226e-01,  6.68145634e-01,  4.04831962e-01,
        -5.87685468e-01, -1.18303731e-01,  3.11615383e-01,
        -4.17660407e-01,  1.26369627e+00, -1.52488381e+00,
        -6.89599326e-01, -5.85477402e-01, -4.01432952e-01,
         7.33691747e-01, -4.33775251e-01, -5.80167373e-01,
         1.70967038e-01, -8.95372777e-02, -1.57238320e+00,
        -1.00159964e+00,  2.27984187e-01],
       [-1.17479833e+00, -1.40282350e-01,  4.98597101e-01,
        -4.15952901e-01,  1.34548588e-01,  3.90233502e-01,
         2.95678306e-01,  3.98726904e-01, -7.67183551e-01,
        -5.04353032e-01,  6.89419038e-01, -1.03197586e+00,
         6.82241686e-01, -4.01390187e-01, -1.21575821e+00,
        -3.96004271e-01,  4.04874467e-01,  9.39569121e-02,
        -1.12798024e+00, -1.27546979e-01],
       [-3.83921020e-01,  8.17102907e-01, -1.19991971e+00,
        -1.68632858e-02, -4.52497307e-01,  1.50176575e+00,
        -8.13401409e-01,  4.86715747e-01, -7.82990796e-02,
        -1.23255271e+00, -1.30111992e+00, -7.60206439e-01,
         1.47202393e+00,  6.26148189e-01, -1.18309675e+00,
        -3.54688125e-01, -8.11354012e-01,  6.07744498e-01,
         5.86851549e-02,  1.07405317e+00],
       [ 2.04273587e-02, -3.23013816e-01,  1.07608694e-01,
        -7.97477362e-01, -2.77079980e-01,  9.94511513e-01,
        -4.38560255e-01, -4.47149791e-01,  5.38108030e-01,
         5.55083157e-01,  1.83421307e-01,  2.77953771e-02,
        -3.27860139e-01,  1.68491602e-01, -1.51597283e+00,
         5.87279804e-01,  1.13998944e+00, -7.65287275e-01,
         5.39779499e-01, -6.64245402e-01],
       [-9.26995129e-01, -1.57690232e-01,  3.12211854e-01,
        -5.01031453e-01, -1.97464398e-01,  2.83220560e-01,
        -6.94919228e-01,  6.62072465e-02,  4.94064838e-01,
        -8.81184061e-02, -1.52220637e-02, -1.29893610e-01,
         1.09247617e-01,  5.05412502e-01, -1.15457040e+00,
         5.14921328e-01,  2.31443100e-01, -3.03740248e-01,
        -7.96236459e-01,  2.90399899e-01],
       [-7.01242348e-01,  8.51132135e-01, -6.04938198e-01,
         2.71269626e-01, -7.63752217e-02, -4.53556237e-01,
        -2.97439040e-01,  2.74529504e-01,  1.39671224e+00,
        -2.50034747e-01,  2.30007277e-01, -1.78473531e-01,
         5.48101871e-02, -9.81445018e-01, -1.02812926e+00,
         5.04545989e-01, -1.01509931e+00,  4.39727441e-01,
         1.21655265e-01,  8.71609122e-01],
       [ 2.44143453e-01, -5.04210447e-01, -1.21184364e+00,
         6.73050840e-01,  1.49773124e-01,  3.24838361e-01,
        -5.28737473e-01, -9.98995608e-01, -6.47168362e-01,
        -2.13980328e+00,  4.61969756e-01,  1.51528776e+00,
        -6.07315914e-03,  2.26999193e-01,  3.60472578e-01,
         3.14074796e-02, -1.47224356e+00,  7.03762451e-02,
         2.96181866e-01,  8.07825628e-01],
       [-7.77536918e-01,  1.73042228e-01, -2.90329127e-03,
         1.13725886e+00,  6.07449951e-01,  4.59974074e-01,
        -1.12786165e+00, -3.42510141e-01, -5.34215277e-01,
        -8.36917251e-01, -1.37317779e+00,  5.44046558e-01,
         5.34817942e-01, -5.29906713e-01, -1.50549052e+00,
        -7.44309251e-01,  4.40531059e-02,  1.90973427e+00,
         9.25223832e-01, -6.91741867e-01],
       [-3.88634723e-02, -9.48309831e-02, -5.61538662e-01,
         4.22694315e-01,  5.48265492e-01,  5.62178003e-01,
         1.55497088e-01, -1.29555347e-01, -5.06153107e-01,
        -1.11342930e+00, -5.26437628e-01,  2.03222910e-02,
        -1.56198689e-02, -1.02921491e+00, -1.04849343e+00,
        -5.04445005e-02, -4.24479253e-01, -4.63108984e-01,
         4.99124871e-01, -9.98502308e-01],
       [-1.79894897e+00,  7.44204535e-01, -4.44080018e-01,
        -3.89625281e-01, -2.51973135e-01,  1.22122499e+00,
        -2.17921941e-01, -1.98661937e+00, -6.55366542e-01,
        -4.38199353e-01, -5.43307183e-01, -1.76906238e-01,
         5.61127737e-03, -1.57932452e-01, -2.79502168e-01,
         4.35110137e-01,  1.82648730e-01, -5.98368169e-01,
         1.37826673e-01, -1.41577838e+00]])
 array([[ 1.62092145, -0.44389434, -0.35848748, -1.92090091, -0.64239883,
        -0.46547987, -0.11949248,  0.424795  , -1.28295046, -0.38966965,
         0.48837126, -0.24473159,  1.03695573, -0.73372527, -0.10997527,
         0.44447112,  0.27777234,  0.96421763, -0.12548788,  1.53046991]])]
biases: [array([[ 2.61944177],
       [-1.41579191],
       [-0.35340141],
       [-0.11862983],
       [-2.32746125],
       [ 0.83559486],
       [ 0.26988524],
       [ 1.40177166],
       [-0.20151385],
       [-0.12996845],
       [-0.30561305],
       [ 0.84443928],
       [ 1.0519508 ],
       [-0.09288386],
       [ 0.66892106],
       [-0.00936282],
       [-1.47963748],
       [ 1.96349954],
       [-0.93043548],
       [-0.14051699]])
 array([[ 0.81782577],
       [-0.23077802],
       [ 0.13571445],
       [ 0.34206965],
       [ 0.00986751],
       [-2.49428127],
       [-1.33906298],
       [ 0.43611554],
       [-0.98173178],
       [ 0.83960438],
       [-0.43832189],
       [ 0.30246552],
       [ 0.83557628],
       [-0.01285047],
       [ 0.08345787],
       [-0.28826317],
       [-1.80592719],
       [ 0.51822782],
       [-0.12397946],
       [-1.35995702]])
 array([[0.54278204]])]