weights: [array([[-0.73183993,  1.0172445 , -0.66463485, ...,  0.55010305,
        -0.13653742,  0.08317643],
       [ 1.11501201,  0.67677374,  0.61600247, ..., -0.75435851,
        -1.64468788, -0.72238118],
       [-0.48687878, -0.11036663,  0.2061844 , ...,  0.28138877,
         0.0140348 ,  0.07838772],
       ...,
       [-0.18445263,  0.72484334,  0.00520838, ..., -0.33124638,
        -0.39432251, -0.82993279],
       [-0.81297921, -0.33394294,  0.31065335, ..., -0.23515654,
         0.67952874, -0.34372522],
       [ 0.02546101, -0.29081135, -0.55761672, ...,  0.29468226,
         0.01420688, -0.22788697]])
 array([[ 1.73655323, -1.73517951,  0.88771379,  0.55116506, -1.17765652,
         1.55200982,  1.05906624,  1.01243544, -0.35460696, -0.36229295,
         1.36504409, -1.69564884,  1.18798388, -0.67726066, -0.81277262,
         1.04547658, -2.44671768,  0.86686847, -2.05259829,  0.00441247,
        -0.47804037,  0.97182836,  0.09350996, -1.83600478,  0.32399841,
         1.21718445, -0.9587003 , -0.99720672, -0.83780499, -0.94182328],
       [-1.58493447, -0.45022072,  0.13013574, -1.5397848 , -0.70551122,
        -1.13429568,  0.78213697,  0.5527925 ,  0.96726914,  1.53846469,
         0.59736845, -0.62002809, -1.76138449, -0.28974314,  0.82826526,
        -0.12226758,  0.02643829, -0.85922408,  1.61837396, -1.12774238,
         0.36656401, -0.17563182,  0.64872171,  0.56261081,  0.33686209,
        -2.06016534,  2.16409657,  0.44823657, -0.61907309,  2.0267678 ],
       [ 1.27901747,  1.81342449,  1.57080209,  0.07370907,  0.54720911,
         0.37432396, -0.83548268,  1.84378051,  0.1088801 , -1.18633752,
        -0.90661613, -0.08367346, -1.04714004,  0.61056689, -0.66210002,
        -0.73385617,  0.07390614, -0.52034691,  1.96604032,  0.88149454,
         1.08680156, -0.18200687,  0.510208  ,  0.07029228, -1.25472644,
        -0.19698329, -0.86308218,  0.71519382,  0.13225836, -1.43420002],
       [-1.74891754, -0.52498808,  0.27079413, -0.66201997,  2.76245502,
        -0.21869306, -0.2160524 ,  0.71135668,  1.61925044,  0.46123938,
        -1.4258951 ,  0.27392394,  0.28694547, -0.19748144, -1.00726267,
         0.88395389, -1.58859747,  1.42821802, -0.48508637, -0.88931017,
         0.32359539, -0.45327147,  0.25166186,  0.53191744, -0.07650254,
        -1.98472043, -1.60116432,  1.8327657 , -0.89084498,  0.88168247],
       [ 0.92984032,  0.05635627, -0.81614466, -1.73724764, -1.32251089,
        -0.21200019,  0.49800491, -0.89710717, -0.45836573,  0.46361856,
        -0.55602851,  0.88308151, -0.23342343,  0.9786715 , -0.10927537,
        -0.74064816,  1.92201541,  0.16178718, -1.55426156,  2.56491883,
        -0.62280457,  2.85729841,  0.20552307,  0.96471672, -0.59780622,
         0.46436973,  0.59123789, -1.09143528,  1.699856  , -0.87233829],
       [-1.25177711, -0.33806565, -0.03690523,  2.25848421,  1.25819804,
        -1.14111539,  0.15563828, -1.11721341,  0.18170359, -0.40219677,
         1.80029524,  1.16461809,  0.62947241, -0.97739777, -0.97891443,
         1.87120914,  0.03901812,  0.49337556,  0.16248798, -0.07386728,
        -0.0039907 ,  0.38716096, -0.50435834, -2.76441436, -0.66287513,
         1.01394044,  0.48384095,  0.03953121,  1.17671235,  2.13320346],
       [ 1.23288832,  0.02850502,  0.21123585, -0.47393983, -1.73813679,
         0.54835431, -1.9587071 , -2.06363016, -0.9789143 , -0.54910475,
         1.38273251,  1.22554694, -0.94443915, -1.89810549,  1.65636764,
        -0.00643986,  0.12318083, -1.96431652, -1.16048101,  0.32233752,
         0.32482425,  0.90197714,  0.04918978,  0.15623622, -1.98104849,
         1.96917869,  1.19188106, -1.4644386 , -0.95044364, -0.59589634],
       [-1.28329129,  2.2411986 , -0.68184225,  0.07051843, -0.17610053,
         2.03238529,  1.35888433,  1.36174595, -1.04426934,  1.75192146,
         0.68625582, -0.40083265, -0.02020039,  1.35119924,  0.25559954,
        -1.45427896, -2.59402539,  0.00699421, -0.46785816, -0.98850325,
        -1.3372585 ,  1.25052292,  0.31638532,  0.46176622,  0.47514002,
        -1.6927021 , -1.05173458,  1.53186288,  0.58216113,  0.74121206],
       [-1.31352218, -0.06205488, -0.24885802,  0.50389955, -1.80923259,
         0.5251928 ,  1.12765986, -2.18161939,  0.68186764, -1.85919007,
        -0.95393175,  2.05846295,  0.12535147,  0.79248733, -1.05036027,
        -0.05348903,  0.3631159 , -0.06768996, -0.18183351, -2.07773122,
         0.29028742, -0.49265745, -0.08856602,  2.76176811,  0.25153519,
         1.15391744, -0.09394133, -1.04254774, -2.02572682, -1.16806711],
       [ 0.41984192, -2.61838317, -1.50457596, -1.04393066, -0.64212921,
        -0.41146432,  0.61322837, -1.13993907, -1.36638201,  1.13473503,
        -0.38560242,  0.70176377,  0.36713003,  1.06259538, -0.28925996,
        -1.24253503, -0.34283959,  2.36691265, -1.52723632,  1.63769925,
        -1.8555056 , -2.51177838,  0.80635064,  0.11771327,  2.38402505,
        -0.27844883, -0.07301048,  1.17131061,  0.73496911, -0.47841685]])]
biases: [array([[-0.97309469],
       [-1.47513004],
       [ 0.63919969],
       [-0.56727353],
       [-1.50462342],
       [-0.57600854],
       [ 0.52331452],
       [ 0.16188754],
       [ 0.3467695 ],
       [ 1.92108414],
       [ 0.8377461 ],
       [-0.83600723],
       [-0.46691843],
       [-0.5930005 ],
       [ 0.15218444],
       [ 0.30410285],
       [ 0.21722816],
       [-1.54675763],
       [-1.0621481 ],
       [-0.30238114],
       [ 3.32758982],
       [ 0.04881873],
       [-1.28915386],
       [-0.07253739],
       [ 0.7594331 ],
       [ 0.04928361],
       [ 0.26508828],
       [-0.74774607],
       [ 1.70175459],
       [ 1.26240512]])
 array([[ 0.33027565],
       [ 0.90871912],
       [ 0.45740293],
       [ 2.56822126],
       [-1.47203568],
       [ 0.63895441],
       [ 1.59644356],
       [ 2.15070043],
       [-0.3177128 ],
       [ 0.91294425]])]